2.0 0.570313 0.396094 0.203906 0.251563
2.0 0.754687 0.790625 0.488281 0.415625
2.0 0.390625 0.690625 0.255469 0.592969
2.0 0.442969 0.289062 0.067969 0.169531
2.0 0.393750 0.193750 0.075000 0.240625
2.0 0.289062 0.228906 0.138281 0.182031
2.0 0.148438 0.221094 0.091406 0.218750
2.0 0.668750 0.258594 0.085156 0.155469
2.0 0.207031 0.243750 0.048438 0.092969
2.0 0.247656 0.563281 0.308594 0.691406
2.0 0.632812 0.193750 0.207031 0.285937
2.0 0.592188 0.213281 0.046094 0.071875
2.0 0.558594 0.135156 0.061719 0.128125
