2.0 0.563281 0.405469 0.197656 0.244531
2.0 0.571094 0.248437 0.117969 0.143750
2.0 0.871094 0.624219 0.255469 0.746094
2.0 0.368750 0.235938 0.077344 0.305469
2.0 0.762500 0.236719 0.188281 0.283594
2.0 0.084375 0.380469 0.125781 0.281250
2.0 0.215625 0.310937 0.125781 0.409375
2.0 0.796875 0.430469 0.107813 0.360156
2.0 0.522656 0.248438 0.121094 0.123438
2.0 0.446875 0.226562 0.104688 0.169531
2.0 0.037500 0.192188 0.060938 0.134375
2.0 0.144531 0.254687 0.112500 0.301562
2.0 0.153125 0.146875 0.095313 0.088281
2.0 0.390625 0.257031 0.132031 0.115625
