2.0 0.554687 0.410156 0.214062 0.239063
2.0 0.430469 0.623438 0.208594 0.521875
2.0 0.300781 0.565625 0.196094 0.713281
2.0 0.160156 0.260938 0.147656 0.275781
2.0 0.289062 0.223438 0.165625 0.260156
2.0 0.538281 0.250781 0.149219 0.138281
2.0 0.435937 0.221094 0.050000 0.159375
2.0 0.763281 0.425000 0.178125 0.451563
2.0 0.410937 0.258594 0.060156 0.106250
2.0 0.038281 0.257812 0.062500 0.346875
2.0 0.433594 0.342969 0.083594 0.140625
2.0 0.836719 0.598437 0.325781 0.798437
2.0 0.938281 0.683594 0.121875 0.628906
2.0 0.470313 0.219531 0.117969 0.161719
2.0 0.356250 0.258594 0.171094 0.109375
