2.0 0.878076 0.714286 0.243848 0.388571
2.0 0.891499 0.561905 0.217002 0.262857
2.0 0.937360 0.460000 0.125280 0.196191
2.0 0.937360 0.400952 0.125280 0.177143
2.0 0.939597 0.328571 0.120805 0.146667
2.0 0.661074 0.529524 0.252797 0.293333
2.0 0.848994 0.305714 0.091722 0.249523
2.0 0.508949 0.152381 0.082775 0.179048
2.0 0.969798 0.231429 0.060403 0.097142
2.0 0.758390 0.036191 0.076063 0.072382
2.0 0.985459 0.138095 0.029083 0.100952
2.0 0.831097 0.011429 0.055928 0.022857
2.0 0.878076 0.068571 0.091722 0.099048
