2.0 0.729688 0.742188 0.538281 0.511719
2.0 0.234375 0.200781 0.053906 0.199219
2.0 0.372656 0.193750 0.210156 0.224219
2.0 0.336719 0.309375 0.100781 0.350781
2.0 0.671094 0.153125 0.211719 0.114844
2.0 0.295312 0.175781 0.073438 0.129687
2.0 0.803906 0.338281 0.374219 0.360938
2.0 0.658594 0.397656 0.389844 0.373438
2.0 0.417188 0.474219 0.140625 0.409375
2.0 0.954687 0.465625 0.082813 0.264063
2.0 0.737500 0.241406 0.239844 0.170312
2.0 0.667188 0.444531 0.639844 0.468750
2.0 0.750781 0.167969 0.212500 0.089844
