2.0 0.357813 0.236719 0.224219 0.292969
2.0 0.839844 0.543750 0.285156 0.605469
2.0 0.660156 0.420312 0.390625 0.471875
2.0 0.124219 0.332031 0.200781 0.307031
2.0 0.537500 0.282031 0.211719 0.335938
2.0 0.202344 0.214062 0.065625 0.251563
2.0 0.632031 0.124219 0.199219 0.085938
2.0 0.791406 0.154687 0.132812 0.105469
2.0 0.018750 0.381250 0.037500 0.296875
2.0 0.747656 0.185937 0.216406 0.094531
2.0 0.404687 0.203125 0.125781 0.217969
2.0 0.102344 0.191406 0.072656 0.110938
2.0 0.354688 0.200781 0.122656 0.223437
2.0 0.617969 0.465625 0.743750 0.761719
2.0 0.746875 0.315625 0.217188 0.353906
