2.0 0.878119 0.802140 0.243762 0.363636
2.0 0.889635 0.659537 0.220729 0.245989
2.0 0.928983 0.564171 0.142035 0.183601
2.0 0.928982 0.508912 0.142035 0.165776
2.0 0.930902 0.441176 0.138196 0.137255
2.0 0.674664 0.629234 0.216891 0.274510
2.0 0.835893 0.419786 0.078694 0.233511
2.0 0.544146 0.276292 0.071018 0.167558
2.0 0.956814 0.350268 0.086373 0.090909
2.0 0.758158 0.157754 0.065259 0.087345
2.0 0.967370 0.262923 0.053743 0.094474
2.0 0.820538 0.130125 0.047984 0.049911
2.0 0.860844 0.197861 0.078694 0.092692
