2.0 0.833594 0.735938 0.210938 0.318750
2.0 0.853906 0.610938 0.214062 0.215625
2.0 0.884375 0.527344 0.146875 0.160938
2.0 0.879687 0.478906 0.137500 0.145313
2.0 0.874219 0.419531 0.120313 0.120313
2.0 0.661719 0.584375 0.176563 0.240625
2.0 0.792969 0.400781 0.064062 0.204687
2.0 0.555469 0.275000 0.057813 0.146875
2.0 0.895312 0.339844 0.078125 0.079687
2.0 0.729688 0.171094 0.053125 0.076563
2.0 0.900000 0.263281 0.043750 0.082812
2.0 0.780469 0.146875 0.039062 0.043750
2.0 0.813281 0.206250 0.064062 0.081250
2.0 0.956250 0.275781 0.043750 0.076563
