2.0 0.870656 0.740459 0.258687 0.389313
2.0 0.882239 0.587787 0.235521 0.263359
2.0 0.921815 0.485687 0.156371 0.196566
2.0 0.921814 0.426526 0.156371 0.177481
2.0 0.921815 0.354007 0.148649 0.146947
2.0 0.659267 0.555344 0.218147 0.293893
2.0 0.821429 0.331107 0.079150 0.249999
2.0 0.527993 0.177481 0.071429 0.179389
2.0 0.947876 0.256680 0.096525 0.097328
2.0 0.743244 0.050573 0.065637 0.093512
2.0 0.953668 0.163168 0.054054 0.101144
2.0 0.805985 0.023855 0.048262 0.047710
2.0 0.846525 0.093511 0.079150 0.099237
2.0 0.998069 0.178435 0.003861 0.093512
