2 0.38515625 0.29609375 0.14375 0.13515625
2 0.7921875 0.775 0.41328125 0.44453125
2 0.240625 0.33203125 0.125 0.31640625
2 0.603125 0.33203125 0.1265625 0.21328125
2 0.553125 0.3484375 0.22578125 0.24453125
2 0.9578125 0.48125 0.08203125 0.3703125
2 0.30859375 0.253125 0.06171875 0.228125
2 0.840625 0.375 0.23515625 0.35390625
2 0.27734375 0.26875 0.09921875 0.19140625
2 0.30859375 0.18359375 0.06171875 0.09140625
2 0.815625 0.47265625 0.0609375 0.2234375
2 0.30703125 0.28203125 0.03984375 0.16640625
