2 0.7296875 0.7421875 0.53828125 0.51171875
2 0.234375 0.20078125 0.05390625 0.19921875
2 0.37265625 0.19375 0.21015625 0.22421875
2 0.33671875 0.309375 0.10078125 0.35078125
2 0.67109375 0.153125 0.21171875 0.11484375
2 0.2953125 0.17578125 0.0734375 0.1296875
2 0.80390625 0.33828125 0.37421875 0.3609375
2 0.65859375 0.39765625 0.38984375 0.3734375
2 0.4171875 0.47421875 0.140625 0.409375
2 0.9546875 0.465625 0.0828125 0.2640625
2 0.7375 0.24140625 0.23984375 0.1703125
2 0.6671875 0.44453125 0.63984375 0.46875
2 0.75078125 0.16796875 0.2125 0.08984375
