0 0.3578125 0.23671875 0.22421875 0.29296875
0 0.83984375 0.54375 0.28515625 0.60546875
0 0.66015625 0.4203125 0.390625 0.471875
0 0.12421875 0.33203125 0.20078125 0.30703125
0 0.5375 0.28203125 0.21171875 0.3359375
0 0.20234375 0.2140625 0.065625 0.2515625
0 0.63203125 0.12421875 0.19921875 0.0859375
0 0.79140625 0.1546875 0.1328125 0.10546875
0 0.01875 0.38125 0.0375 0.296875
0 0.74765625 0.1859375 0.21640625 0.09453125
0 0.4046875 0.203125 0.12578125 0.21796875
0 0.10234375 0.19140625 0.07265625 0.1109375
0 0.3546875 0.20078125 0.12265625 0.2234375
0 0.61796875 0.465625 0.74375 0.76171875
0 0.746875 0.315625 0.2171875 0.35390625
