0 0.5671875 0.41640625 0.1953125 0.22890625
0 0.55234375 0.25703125 0.17734375 0.15
0 0.3578125 0.38203125 0.05546875 0.24609375
0 0.75546875 0.6046875 0.16640625 0.27421875
0 0.65078125 0.190625 0.14140625 0.215625
0 0.19609375 0.2796875 0.19140625 0.371875
0 0.68828125 0.27421875 0.09609375 0.234375
0 0.38359375 0.22421875 0.11796875 0.17578125
0 0.16875 0.21796875 0.1453125 0.25
0 0.13984375 0.25859375 0.08671875 0.1703125
0 0.309375 0.28125 0.06875 0.23515625
0 0.72578125 0.30546875 0.16640625 0.2953125
