0 0.5546875 0.41015625 0.2140625 0.2390625
0 0.43046875 0.6234375 0.20859375 0.521875
0 0.30078125 0.565625 0.19609375 0.71328125
0 0.16015625 0.2609375 0.14765625 0.27578125
0 0.2890625 0.2234375 0.165625 0.26015625
0 0.53828125 0.25078125 0.14921875 0.13828125
0 0.4359375 0.22109375 0.05 0.159375
0 0.76328125 0.425 0.178125 0.4515625
0 0.4109375 0.25859375 0.06015625 0.10625
0 0.03828125 0.2578125 0.0625 0.346875
0 0.43359375 0.34296875 0.08359375 0.140625
0 0.83671875 0.5984375 0.32578125 0.7984375
0 0.93828125 0.68359375 0.121875 0.62890625
0 0.4703125 0.21953125 0.11796875 0.16171875
0 0.35625 0.25859375 0.17109375 0.109375
