0 0.56328125 0.40546875 0.19765625 0.24453125
0 0.57109375 0.2484375 0.11796875 0.14375
0 0.87109375 0.62421875 0.25546875 0.74609375
0 0.36875 0.2359375 0.07734375 0.30546875
0 0.7625 0.23671875 0.18828125 0.28359375
0 0.084375 0.38046875 0.12578125 0.28125
0 0.215625 0.3109375 0.12578125 0.409375
0 0.796875 0.43046875 0.1078125 0.36015625
0 0.52265625 0.2484375 0.12109375 0.1234375
0 0.446875 0.2265625 0.1046875 0.16953125
0 0.0375 0.1921875 0.0609375 0.134375
0 0.14453125 0.2546875 0.1125 0.3015625
0 0.153125 0.146875 0.0953125 0.08828125
0 0.390625 0.25703125 0.13203125 0.115625
