0 0.5703125 0.39609375 0.20390625 0.2515625
0 0.7546875 0.790625 0.48828125 0.415625
0 0.390625 0.690625 0.25546875 0.59296875
0 0.44296875 0.2890625 0.06796875 0.16953125
0 0.39375 0.19375 0.075 0.240625
0 0.2890625 0.22890625 0.13828125 0.18203125
0 0.1484375 0.22109375 0.09140625 0.21875
0 0.66875 0.25859375 0.08515625 0.15546875
0 0.20703125 0.24375 0.0484375 0.09296875
0 0.24765625 0.56328125 0.30859375 0.69140625
0 0.6328125 0.19375 0.20703125 0.2859375
0 0.5921875 0.21328125 0.04609375 0.071875
0 0.55859375 0.13515625 0.06171875 0.128125
