0 0.27734375 0.77734375 0.28203125 0.44140625
0 0.6953125 0.66640625 0.60546875 0.6609375
0 0.3125 0.309375 0.08203125 0.43203125
0 0.0703125 0.63046875 0.13984375 0.503125
0 0.20078125 0.50078125 0.16796875 0.49375
0 0.1296875 0.35 0.11015625 0.3296875
0 0.4234375 0.32109375 0.1484375 0.3390625
0 0.77734375 0.43125 0.44375 0.50078125
0 0.56015625 0.1984375 0.21953125 0.22109375
0 0.42578125 0.121875 0.08046875 0.10390625
0 0.7765625 0.3 0.44296875 0.221875
0 0.825 0.2515625 0.34765625 0.1796875
